(kicad_pcb (version 20171130) (host pcbnew "(6.0.0-rc1-dev-1469-gd619da17c)")

  (general
    (thickness 1.6)
    (drawings 23)
    (tracks 1615)
    (zones 0)
    (modules 90)
    (nets 161)
  )

  (page A4)
  (layers
    (0 F.Cu signal)
    (31 B.Cu signal)
    (32 B.Adhes user)
    (33 F.Adhes user)
    (34 B.Paste user)
    (35 F.Paste user)
    (36 B.SilkS user)
    (37 F.SilkS user)
    (38 B.Mask user)
    (39 F.Mask user)
    (40 Dwgs.User user hide)
    (41 Cmts.User user)
    (42 Eco1.User user)
    (43 Eco2.User user)
    (44 Edge.Cuts user)
    (45 Margin user)
    (46 B.CrtYd user hide)
    (47 F.CrtYd user hide)
    (48 B.Fab user)
    (49 F.Fab user hide)
  )

  (setup
    (last_trace_width 0.25)
    (user_trace_width 0.2)
    (user_trace_width 0.4)
    (user_trace_width 0.5)
    (user_trace_width 0.75)
    (user_trace_width 0.9)
    (user_trace_width 1)
    (user_trace_width 1.2)
    (user_trace_width 1.3)
    (user_trace_width 1.4)
    (user_trace_width 2)
    (user_trace_width 2.4)
    (user_trace_width 3)
    (trace_clearance 0.2)
    (zone_clearance 1.2)
    (zone_45_only no)
    (trace_min 0.2)
    (via_size 0.8)
    (via_drill 0.4)
    (via_min_size 0.4)
    (via_min_drill 0.3)
    (uvia_size 0.3)
    (uvia_drill 0.1)
    (uvias_allowed no)
    (uvia_min_size 0.2)
    (uvia_min_drill 0.1)
    (edge_width 0.05)
    (segment_width 0.2)
    (pcb_text_width 0.3)
    (pcb_text_size 1.5 1.5)
    (mod_edge_width 0.12)
    (mod_text_size 1 1)
    (mod_text_width 0.15)
    (pad_size 1.524 1.524)
    (pad_drill 0.762)
    (pad_to_mask_clearance 0.051)
    (solder_mask_min_width 0.25)
    (aux_axis_origin 0 0)
    (visible_elements FFFFFF7F)
    (pcbplotparams
      (layerselection 0x010fc_ffffffff)
      (usegerberextensions false)
      (usegerberattributes false)
      (usegerberadvancedattributes false)
      (creategerberjobfile false)
      (excludeedgelayer true)
      (linewidth 0.100000)
      (plotframeref false)
      (viasonmask false)
      (mode 1)
      (useauxorigin false)
      (hpglpennumber 1)
      (hpglpenspeed 20)
      (hpglpendiameter 15.000000)
      (psnegative false)
      (psa4output false)
      (plotreference true)
      (plotvalue true)
      (plotinvisibletext false)
      (padsonsilk false)
      (subtractmaskfromsilk false)
      (outputformat 1)
      (mirror false)
      (drillshape 1)
      (scaleselection 1)
      (outputdirectory ""))
  )

  (net 0 "")
  (net 1 "Net-(C1-Pad1)")
  (net 2 VDRAIN_1)
  (net 3 "Net-(C2-Pad2)")
  (net 4 "Net-(C2-Pad1)")
  (net 5 GND)
  (net 6 +5V)
  (net 7 "Net-(C4-Pad2)")
  (net 8 "Net-(C9-Pad1)")
  (net 9 "Net-(C10-Pad2)")
  (net 10 "Net-(C10-Pad1)")
  (net 11 "Net-(C12-Pad2)")
  (net 12 "Net-(C20-Pad1)")
  (net 13 "Net-(C21-Pad1)")
  (net 14 "Net-(C22-Pad1)")
  (net 15 "Net-(D1-Pad2)")
  (net 16 "Net-(D3-Pad2)")
  (net 17 GHA_1)
  (net 18 MA_1)
  (net 19 GLA_1)
  (net 20 CS2_1)
  (net 21 GLB_1)
  (net 22 MB_1)
  (net 23 GHB_1)
  (net 24 GHC_1)
  (net 25 MC_1)
  (net 26 GLC_1)
  (net 27 HPC_1)
  (net 28 HNC_1)
  (net 29 HPB_1)
  (net 30 HNB_1)
  (net 31 HPA_1)
  (net 32 HNA_1)
  (net 33 DRIVER_NFAULT_1)
  (net 34 IDRIVE_1)
  (net 35 VDS_1)
  (net 36 DRIVER_EN_1)
  (net 37 DRIVER_PWM_1)
  (net 38 DRIVER_FGOUT_1)
  (net 39 DIR_1)
  (net 40 DRIVER_NBRAKE_1)
  (net 41 DRIVER_NBRAKE_2)
  (net 42 DIR_2)
  (net 43 DRIVER_FGOUT_2)
  (net 44 DRIVER_PWM_2)
  (net 45 DRIVER_EN_2)
  (net 46 VDS_2)
  (net 47 IDRIVE_2)
  (net 48 DRIVER_NFAULT_2)
  (net 49 HNA_2)
  (net 50 HPA_2)
  (net 51 HNB_2)
  (net 52 HPB_2)
  (net 53 HNC_2)
  (net 54 HPC_2)
  (net 55 GLC_2)
  (net 56 MC_2)
  (net 57 GHC_2)
  (net 58 GHB_2)
  (net 59 MB_2)
  (net 60 GLB_2)
  (net 61 CS2_2)
  (net 62 GLA_2)
  (net 63 MA_2)
  (net 64 GHA_2)
  (net 65 "Net-(J1-Pad2)")
  (net 66 "Net-(J1-Pad3)")
  (net 67 "Net-(J2-Pad3)")
  (net 68 "Net-(J2-Pad2)")
  (net 69 MCU_RST)
  (net 70 "Net-(J11-Pad1)")
  (net 71 "Net-(J11-Pad2)")
  (net 72 SENSOR_CLOCK)
  (net 73 SENSOR_DATA_1)
  (net 74 S1_5V)
  (net 75 S2_5V)
  (net 76 SENSOR_DATA_2)
  (net 77 SENSOR_DATA_3)
  (net 78 S3_5V)
  (net 79 S4_5V)
  (net 80 SENSOR_DATA_4)
  (net 81 "Net-(J17-Pad2)")
  (net 82 "Net-(J18-Pad2)")
  (net 83 RELAY_PWR)
  (net 84 "Net-(M1-Pad9)")
  (net 85 VNH_INB_1)
  (net 86 "Net-(M1-Pad7)")
  (net 87 VNH_PWM_1)
  (net 88 VNH_INA_1)
  (net 89 VNH_INA_2)
  (net 90 VNH_PWM_2)
  (net 91 "Net-(M2-Pad7)")
  (net 92 VNH_INB_2)
  (net 93 "Net-(M2-Pad9)")
  (net 94 MCU_INT2)
  (net 95 MCU_INT3)
  (net 96 MCU_INT0)
  (net 97 MCU_INT1)
  (net 98 "Net-(R25-Pad1)")
  (net 99 "Net-(U7-Pad2)")
  (net 100 "Net-(U7-Pad6)")
  (net 101 "Net-(U7-Pad11)")
  (net 102 "Net-(U7-Pad12)")
  (net 103 CAN_INT)
  (net 104 CAN_SCK)
  (net 105 CAN_MOSI)
  (net 106 CAN_MISO)
  (net 107 CAN_CS)
  (net 108 "Net-(U7-Pad20)")
  (net 109 "Net-(U7-Pad21)")
  (net 110 "Net-(U7-Pad22)")
  (net 111 "Net-(U7-Pad23)")
  (net 112 "Net-(U7-Pad25)")
  (net 113 SENSOR_PWR_1)
  (net 114 SENSOR_PWR_2)
  (net 115 SENSOR_PWR_3)
  (net 116 SENSOR_PWR_4)
  (net 117 LED_PWR_)
  (net 118 "Net-(U8-Pad7)")
  (net 119 "Net-(U8-Pad10)")
  (net 120 "Net-(XA1-PadA0)")
  (net 121 "Net-(XA1-PadVIN)")
  (net 122 +3V3)
  (net 123 "Net-(XA1-PadIORF)")
  (net 124 "Net-(XA1-PadD0)")
  (net 125 "Net-(XA1-PadD1)")
  (net 126 "Net-(XA1-PadSCL)")
  (net 127 "Net-(XA1-PadSDA)")
  (net 128 "Net-(XA1-PadAREF)")
  (net 129 "Net-(XA1-PadA1)")
  (net 130 "Net-(XA1-PadA2)")
  (net 131 "Net-(XA1-PadA3)")
  (net 132 "Net-(XA1-PadA4)")
  (net 133 "Net-(XA1-PadA5)")
  (net 134 "Net-(XA1-PadA6)")
  (net 135 "Net-(XA1-PadA7)")
  (net 136 "Net-(XA1-PadA8)")
  (net 137 "Net-(XA1-PadA9)")
  (net 138 "Net-(XA1-PadA10)")
  (net 139 "Net-(XA1-PadA11)")
  (net 140 "Net-(XA1-PadA12)")
  (net 141 "Net-(XA1-PadA13)")
  (net 142 "Net-(XA1-PadA14)")
  (net 143 "Net-(XA1-PadA15)")
  (net 144 "Net-(XA1-PadD32)")
  (net 145 "Net-(XA1-PadD33)")
  (net 146 "Net-(XA1-PadD34)")
  (net 147 "Net-(XA1-PadD35)")
  (net 148 "Net-(XA1-PadD36)")
  (net 149 "Net-(XA1-PadD37)")
  (net 150 "Net-(XA1-PadD38)")
  (net 151 "Net-(XA1-PadD39)")
  (net 152 "Net-(XA1-PadD46)")
  (net 153 "Net-(XA1-PadD47)")
  (net 154 "Net-(XA1-PadD48)")
  (net 155 "Net-(Y1-Pad2)")
  (net 156 "Net-(Y1-Pad4)")
  (net 157 MCU_RX2)
  (net 158 MCU_TX2)
  (net 159 MCU_RX3)
  (net 160 MCU_TX3)

  (net_class Default "This is the default net class."
    (clearance 0.2)
    (trace_width 0.25)
    (via_dia 0.8)
    (via_drill 0.4)
    (uvia_dia 0.3)
    (uvia_drill 0.1)
    (add_net +3V3)
    (add_net +5V)
    (add_net CAN_CS)
    (add_net CAN_INT)
    (add_net CAN_MISO)
    (add_net CAN_MOSI)
    (add_net CAN_SCK)
    (add_net CS2_1)
    (add_net CS2_2)
    (add_net DIR_1)
    (add_net DIR_2)
    (add_net DRIVER_EN_1)
    (add_net DRIVER_EN_2)
    (add_net DRIVER_FGOUT_1)
    (add_net DRIVER_FGOUT_2)
    (add_net DRIVER_NBRAKE_1)
    (add_net DRIVER_NBRAKE_2)
    (add_net DRIVER_NFAULT_1)
    (add_net DRIVER_NFAULT_2)
    (add_net DRIVER_PWM_1)
    (add_net DRIVER_PWM_2)
    (add_net GHA_1)
    (add_net GHA_2)
    (add_net GHB_1)
    (add_net GHB_2)
    (add_net GHC_1)
    (add_net GHC_2)
    (add_net GLA_1)
    (add_net GLA_2)
    (add_net GLB_1)
    (add_net GLB_2)
    (add_net GLC_1)
    (add_net GLC_2)
    (add_net GND)
    (add_net HNA_1)
    (add_net HNA_2)
    (add_net HNB_1)
    (add_net HNB_2)
    (add_net HNC_1)
    (add_net HNC_2)
    (add_net HPA_1)
    (add_net HPA_2)
    (add_net HPB_1)
    (add_net HPB_2)
    (add_net HPC_1)
    (add_net HPC_2)
    (add_net IDRIVE_1)
    (add_net IDRIVE_2)
    (add_net LED_PWR_)
    (add_net MA_1)
    (add_net MA_2)
    (add_net MB_1)
    (add_net MB_2)
    (add_net MCU_INT0)
    (add_net MCU_INT1)
    (add_net MCU_INT2)
    (add_net MCU_INT3)
    (add_net MCU_RST)
    (add_net MCU_RX2)
    (add_net MCU_RX3)
    (add_net MCU_TX2)
    (add_net MCU_TX3)
    (add_net MC_1)
    (add_net MC_2)
    (add_net "Net-(C1-Pad1)")
    (add_net "Net-(C10-Pad1)")
    (add_net "Net-(C10-Pad2)")
    (add_net "Net-(C12-Pad2)")
    (add_net "Net-(C2-Pad1)")
    (add_net "Net-(C2-Pad2)")
    (add_net "Net-(C20-Pad1)")
    (add_net "Net-(C21-Pad1)")
    (add_net "Net-(C22-Pad1)")
    (add_net "Net-(C4-Pad2)")
    (add_net "Net-(C9-Pad1)")
    (add_net "Net-(D1-Pad2)")
    (add_net "Net-(D3-Pad2)")
    (add_net "Net-(J1-Pad2)")
    (add_net "Net-(J1-Pad3)")
    (add_net "Net-(J11-Pad1)")
    (add_net "Net-(J11-Pad2)")
    (add_net "Net-(J17-Pad2)")
    (add_net "Net-(J18-Pad2)")
    (add_net "Net-(J2-Pad2)")
    (add_net "Net-(J2-Pad3)")
    (add_net "Net-(M1-Pad7)")
    (add_net "Net-(M1-Pad9)")
    (add_net "Net-(M2-Pad7)")
    (add_net "Net-(M2-Pad9)")
    (add_net "Net-(R25-Pad1)")
    (add_net "Net-(U7-Pad11)")
    (add_net "Net-(U7-Pad12)")
    (add_net "Net-(U7-Pad2)")
    (add_net "Net-(U7-Pad20)")
    (add_net "Net-(U7-Pad21)")
    (add_net "Net-(U7-Pad22)")
    (add_net "Net-(U7-Pad23)")
    (add_net "Net-(U7-Pad25)")
    (add_net "Net-(U7-Pad6)")
    (add_net "Net-(U8-Pad10)")
    (add_net "Net-(U8-Pad7)")
    (add_net "Net-(XA1-PadA0)")
    (add_net "Net-(XA1-PadA1)")
    (add_net "Net-(XA1-PadA10)")
    (add_net "Net-(XA1-PadA11)")
    (add_net "Net-(XA1-PadA12)")
    (add_net "Net-(XA1-PadA13)")
    (add_net "Net-(XA1-PadA14)")
    (add_net "Net-(XA1-PadA15)")
    (add_net "Net-(XA1-PadA2)")
    (add_net "Net-(XA1-PadA3)")
    (add_net "Net-(XA1-PadA4)")
    (add_net "Net-(XA1-PadA5)")
    (add_net "Net-(XA1-PadA6)")
    (add_net "Net-(XA1-PadA7)")
    (add_net "Net-(XA1-PadA8)")
    (add_net "Net-(XA1-PadA9)")
    (add_net "Net-(XA1-PadAREF)")
    (add_net "Net-(XA1-PadD0)")
    (add_net "Net-(XA1-PadD1)")
    (add_net "Net-(XA1-PadD32)")
    (add_net "Net-(XA1-PadD33)")
    (add_net "Net-(XA1-PadD34)")
    (add_net "Net-(XA1-PadD35)")
    (add_net "Net-(XA1-PadD36)")
    (add_net "Net-(XA1-PadD37)")
    (add_net "Net-(XA1-PadD38)")
    (add_net "Net-(XA1-PadD39)")
    (add_net "Net-(XA1-PadD46)")
    (add_net "Net-(XA1-PadD47)")
    (add_net "Net-(XA1-PadD48)")
    (add_net "Net-(XA1-PadIORF)")
    (add_net "Net-(XA1-PadSCL)")
    (add_net "Net-(XA1-PadSDA)")
    (add_net "Net-(XA1-PadVIN)")
    (add_net "Net-(Y1-Pad2)")
    (add_net "Net-(Y1-Pad4)")
    (add_net RELAY_PWR)
    (add_net S1_5V)
    (add_net S2_5V)
    (add_net S3_5V)
    (add_net S4_5V)
    (add_net SENSOR_CLOCK)
    (add_net SENSOR_DATA_1)
    (add_net SENSOR_DATA_2)
    (add_net SENSOR_DATA_3)
    (add_net SENSOR_DATA_4)
    (add_net SENSOR_PWR_1)
    (add_net SENSOR_PWR_2)
    (add_net SENSOR_PWR_3)
    (add_net SENSOR_PWR_4)
    (add_net VDRAIN_1)
    (add_net VDS_1)
    (add_net VDS_2)
    (add_net VNH_INA_1)
    (add_net VNH_INA_2)
    (add_net VNH_INB_1)
    (add_net VNH_INB_2)
    (add_net VNH_PWM_1)
    (add_net VNH_PWM_2)
  )

  (module Capacitor_SMD:C_Elec_10x10.2 (layer F.Cu) (tedit 5BC8D926) (tstamp 5C8A028B)
    (at 109.1692 108.6612 180)
    (descr "SMD capacitor, aluminum electrolytic nonpolar, 10.0x10.2mm")
    (tags "capacitor electrolyic nonpolar")
    (path /5C9B800F/5CA8D7D7)
    (attr smd)
    (fp_text reference C5 (at 6.0452 -4.3434 270) (layer F.SilkS)
      (effects (font (size 1 1) (thickness 0.15)))
    )
    (fp_text value 220uF/50V (at 0 6.2 180) (layer F.Fab)
      (effects (font (size 1 1) (thickness 0.15)))
    )
    (fp_circle (center 0 0) (end 5 0) (layer F.Fab) (width 0.1))
    (fp_line (start 5.15 -5.15) (end 5.15 5.15) (layer F.Fab) (width 0.1))
    (fp_line (start -4.15 -5.15) (end 5.15 -5.15) (layer F.Fab) (width 0.1))
    (fp_line (start -4.15 5.15) (end 5.15 5.15) (layer F.Fab) (width 0.1))
    (fp_line (start -5.15 -4.15) (end -5.15 4.15) (layer F.Fab) (width 0.1))
    (fp_line (start -5.15 -4.15) (end -4.15 -5.15) (layer F.Fab) (width 0.1))
    (fp_line (start -5.15 4.15) (end -4.15 5.15) (layer F.Fab) (width 0.1))
    (fp_line (start 5.26 5.26) (end 5.26 1.31) (layer F.SilkS) (width 0.12))
    (fp_line (start 5.26 -5.26) (end 5.26 -1.31) (layer F.SilkS) (width 0.12))
    (fp_line (start -4.195563 -5.26) (end 5.26 -5.26) (layer F.SilkS) (width 0.12))
    (fp_line (start -4.195563 5.26) (end 5.26 5.26) (layer F.SilkS) (width 0.12))
    (fp_line (start -5.26 4.195563) (end -5.26 1.31) (layer F.SilkS) (width 0.12))
    (fp_line (start -5.26 -4.195563) (end -5.26 -1.31) (layer F.SilkS) (width 0.12))
    (fp_line (start -5.26 -4.195563) (end -4.195563 -5.26) (layer F.SilkS) (width 0.12))
    (fp_line (start -5.26 4.195563) (end -4.195563 5.26) (layer F.SilkS) (width 0.12))
    (fp_line (start 5.4 -5.4) (end 5.4 -1.3) (layer F.CrtYd) (width 0.05))
    (fp_line (start 5.4 -1.3) (end 6.95 -1.3) (layer F.CrtYd) (width 0.05))
    (fp_line (start 6.95 -1.3) (end 6.95 1.3) (layer F.CrtYd) (width 0.05))
    (fp_line (start 6.95 1.3) (end 5.4 1.3) (layer F.CrtYd) (width 0.05))
    (fp_line (start 5.4 1.3) (end 5.4 5.4) (layer F.CrtYd) (width 0.05))
    (fp_line (start -4.25 5.4) (end 5.4 5.4) (layer F.CrtYd) (width 0.05))
    (fp_line (start -4.25 -5.4) (end 5.4 -5.4) (layer F.CrtYd) (width 0.05))
    (fp_line (start -5.4 4.25) (end -4.25 5.4) (layer F.CrtYd) (width 0.05))
    (fp_line (start -5.4 -4.25) (end -4.25 -5.4) (layer F.CrtYd) (width 0.05))
    (fp_line (start -5.4 -4.25) (end -5.4 -1.3) (layer F.CrtYd) (width 0.05))
    (fp_line (start -5.4 1.3) (end -5.4 4.25) (layer F.CrtYd) (width 0.05))
    (fp_line (start -5.4 -1.3) (end -6.95 -1.3) (layer F.CrtYd) (width 0.05))
    (fp_line (start -6.95 -1.3) (end -6.95 1.3) (layer F.CrtYd) (width 0.05))
    (fp_line (start -6.95 1.3) (end -5.4 1.3) (layer F.CrtYd) (width 0.05))
    (fp_text user %R (at 0 0 180) (layer F.Fab)
      (effects (font (size 1 1) (thickness 0.15)))
    )
    (pad 1 smd roundrect (at -4.4 0 180) (size 4.6 2.1) (layers F.Cu F.Paste F.Mask) (roundrect_rratio 0.119048)
      (net 6 +5V))
    (pad 2 smd roundrect (at 4.4 0 180) (size 4.6 2.1) (layers F.Cu F.Paste F.Mask) (roundrect_rratio 0.119048)
      (net 5 GND))
    (model ${KISYS3DMOD}/Capacitor_SMD.3dshapes/C_Elec_10x10.2.wrl
      (at (xyz 0 0 0))
      (scale (xyz 1 1 1))
      (rotate (xyz 0 0 0))
    )
    (model ${KISYS3DMOD}/Capacitor_SMD.3dshapes/CP_Elec_10x10.step
      (at (xyz 0 0 0))
      (scale (xyz 1 1 1))
      (rotate (xyz 0 0 0))
    )
  )

  (module Connector_PinHeader_2.54mm:PinHeader_1x05_P2.54mm_Vertical (layer F.Cu) (tedit 59FED5CC) (tstamp 5C88DD8F)
    (at 132.69722 72.53732)
    (descr "Through hole straight pin header, 1x05, 2.54mm pitch, single row")
    (tags "Through hole pin header THT 1x05 2.54mm single row")
    (path /5C84951F/5C92B24E)
    (fp_text reference J9 (at 0 -2.33) (layer F.SilkS)
      (effects (font (size 1 1) (thickness 0.15)))
    )
    (fp_text value HALL_1 (at 0 12.49) (layer F.Fab)
      (effects (font (size 1 1) (thickness 0.15)))
    )
    (fp_text user %R (at 0 5.08 -270) (layer F.Fab)
      (effects (font (size 1 1) (thickness 0.15)))
    )
    (fp_line (start 1.8 -1.8) (end -1.8 -1.8) (layer F.CrtYd) (width 0.05))
    (fp_line (start 1.8 11.95) (end 1.8 -1.8) (layer F.CrtYd) (width 0.05))
    (fp_line (start -1.8 11.95) (end 1.8 11.95) (layer F.CrtYd) (width 0.05))
    (fp_line (start -1.8 -1.8) (end -1.8 11.95) (layer F.CrtYd) (width 0.05))
    (fp_line (start -1.33 -1.33) (end 0 -1.33) (layer F.SilkS) (width 0.12))
    (fp_line (start -1.33 0) (end -1.33 -1.33) (layer F.SilkS) (width 0.12))
    (fp_line (start -1.33 1.27) (end 1.33 1.27) (layer F.SilkS) (width 0.12))
    (fp_line (start 1.33 1.27) (end 1.33 11.49) (layer F.SilkS) (width 0.12))
    (fp_line (start -1.33 1.27) (end -1.33 11.49) (layer F.SilkS) (width 0.12))
    (fp_line (start -1.33 11.49) (end 1.33 11.49) (layer F.SilkS) (width 0.12))
    (fp_line (start -1.27 -0.635) (end -0.635 -1.27) (layer F.Fab) (width 0.1))
    (fp_line (start -1.27 11.43) (end -1.27 -0.635) (layer F.Fab) (width 0.1))
    (fp_line (start 1.27 11.43) (end -1.27 11.43) (layer F.Fab) (width 0.1))
    (fp_line (start 1.27 -1.27) (end 1.27 11.43) (layer F.Fab) (width 0.1))
    (fp_line (start -0.635 -1.27) (end 1.27 -1.27) (layer F.Fab) (width 0.1))
    (pad 5 thru_hole oval (at 0 10.16) (size 1.7 1.7) (drill 1) (layers *.Cu *.Mask)
      (net 5 GND))
    (pad 4 thru_hole oval (at 0 7.62) (size 1.7 1.7) (drill 1) (layers *.Cu *.Mask)
      (net 54 HPC_2))
    (pad 3 thru_hole oval (at 0 5.08) (size 1.7 1.7) (drill 1) (layers *.Cu *.Mask)
      (net 52 HPB_2))
    (pad 2 thru_hole oval (at 0 2.54) (size 1.7 1.7) (drill 1) (layers *.Cu *.Mask)
      (net 50 HPA_2))
    (pad 1 thru_hole rect (at 0 0) (size 1.7 1.7) (drill 1) (layers *.Cu *.Mask)
      (net 6 +5V))
    (model ${KISYS3DMOD}/Connector_PinHeader_2.54mm.3dshapes/PinHeader_1x05_P2.54mm_Vertical.wrl
      (at (xyz 0 0 0))
      (scale (xyz 1 1 1))
      (rotate (xyz 0 0 0))
    )
  )

  (module Capacitor_SMD:C_0603_1608Metric (layer B.Cu) (tedit 5B301BBE) (tstamp 5C8757A0)
    (at 113.04016 77.4954 90)
    (descr "Capacitor SMD 0603 (1608 Metric), square (rectangular) end terminal, IPC_7351 nominal, (Body size source: http://www.tortai-tech.com/upload/download/2011102023233369053.pdf), generated with kicad-footprint-generator")
    (tags capacitor)
    (path /5C84951F/5C92B03F)
    (attr smd)
    (fp_text reference C10 (at 0.0254 -1.35636 90) (layer B.SilkS)
      (effects (font (size 1 1) (thickness 0.15)) (justify mirror))
    )
    (fp_text value 22nF (at -2.2098 -1.68656 90) (layer B.Fab) hide
      (effects (font (size 1 1) (thickness 0.15)) (justify mirror))
    )
    (fp_text user %R (at 0 0 90) (layer F.Fab)
      (effects (font (size 0.4 0.4) (thickness 0.06)))
    )
    (fp_line (start 1.48 -0.73) (end -1.48 -0.73) (layer B.CrtYd) (width 0.05))
    (fp_line (start 1.48 0.73) (end 1.48 -0.73) (layer B.CrtYd) (width 0.05))
    (fp_line (start -1.48 0.73) (end 1.48 0.73) (layer B.CrtYd) (width 0.05))
    (fp_line (start -1.48 -0.73) (end -1.48 0.73) (layer B.CrtYd) (width 0.05))
    (fp_line (start -0.162779 -0.51) (end 0.162779 -0.51) (layer B.SilkS) (width 0.12))
    (fp_line (start -0.162779 0.51) (end 0.162779 0.51) (layer B.SilkS) (width 0.12))
    (fp_line (start 0.8 -0.4) (end -0.8 -0.4) (layer B.Fab) (width 0.1))
    (fp_line (start 0.8 0.4) (end 0.8 -0.4) (layer B.Fab) (width 0.1))
    (fp_line (start -0.8 0.4) (end 0.8 0.4) (layer B.Fab) (width 0.1))
    (fp_line (start -0.8 -0.4) (end -0.8 0.4) (layer B.Fab) (width 0.1))
    (pad 2 smd roundrect (at 0.7875 0 90) (size 0.875 0.95) (layers B.Cu B.Paste B.Mask) (roundrect_rratio 0.25)
      (net 9 "Net-(C10-Pad2)"))
    (pad 1 smd roundrect (at -0.7875 0 90) (size 0.875 0.95) (layers B.Cu B.Paste B.Mask) (roundrect_rratio 0.25)
      (net 10 "Net-(C10-Pad1)"))
    (model ${KISYS3DMOD}/Capacitor_SMD.3dshapes/C_0603_1608Metric.wrl
      (at (xyz 0 0 0))
      (scale (xyz 1 1 1))
      (rotate (xyz 0 0 0))
    )
  )

  (module Capacitor_SMD:C_0603_1608Metric (layer F.Cu) (tedit 5B301BBE) (tstamp 5C884C14)
    (at 112.01146 76.3016 180)
    (descr "Capacitor SMD 0603 (1608 Metric), square (rectangular) end terminal, IPC_7351 nominal, (Body size source: http://www.tortai-tech.com/upload/download/2011102023233369053.pdf), generated with kicad-footprint-generator")
    (tags capacitor)
    (path /5C84951F/5C92B027)
    (attr smd)
    (fp_text reference C9 (at 0.53086 -1.27 180) (layer F.SilkS)
      (effects (font (size 1 1) (thickness 0.15)))
    )
    (fp_text value 1uF (at 0 1.43 180) (layer F.Fab)
      (effects (font (size 1 1) (thickness 0.15)))
    )
    (fp_line (start -0.8 0.4) (end -0.8 -0.4) (layer F.Fab) (width 0.1))
    (fp_line (start -0.8 -0.4) (end 0.8 -0.4) (layer F.Fab) (width 0.1))
    (fp_line (start 0.8 -0.4) (end 0.8 0.4) (layer F.Fab) (width 0.1))
    (fp_line (start 0.8 0.4) (end -0.8 0.4) (layer F.Fab) (width 0.1))
    (fp_line (start -0.162779 -0.51) (end 0.162779 -0.51) (layer F.SilkS) (width 0.12))
    (fp_line (start -0.162779 0.51) (end 0.162779 0.51) (layer F.SilkS) (width 0.12))
    (fp_line (start -1.48 0.73) (end -1.48 -0.73) (layer F.CrtYd) (width 0.05))
    (fp_line (start -1.48 -0.73) (end 1.48 -0.73) (layer F.CrtYd) (width 0.05))
    (fp_line (start 1.48 -0.73) (end 1.48 0.73) (layer F.CrtYd) (width 0.05))
    (fp_line (start 1.48 0.73) (end -1.48 0.73) (layer F.CrtYd) (width 0.05))
    (fp_text user %R (at 0 0 180) (layer F.Fab)
      (effects (font (size 0.4 0.4) (thickness 0.06)))
    )
    (pad 1 smd roundrect (at -0.7875 0 180) (size 0.875 0.95) (layers F.Cu F.Paste F.Mask) (roundrect_rratio 0.25)
      (net 8 "Net-(C9-Pad1)"))
    (pad 2 smd roundrect (at 0.7875 0 180) (size 0.875 0.95) (layers F.Cu F.Paste F.Mask) (roundrect_rratio 0.25)
      (net 2 VDRAIN_1))
    (model ${KISYS3DMOD}/Capacitor_SMD.3dshapes/C_0603_1608Metric.wrl
      (at (xyz 0 0 0))
      (scale (xyz 1 1 1))
      (rotate (xyz 0 0 0))
    )
  )

  (module Resistor_SMD:R_2512_6332Metric (layer F.Cu) (tedit 5B301BBD) (tstamp 5C875E3F)
    (at 105.93578 78.92288 90)
    (descr "Resistor SMD 2512 (6332 Metric), square (rectangular) end terminal, IPC_7351 nominal, (Body size source: http://www.tortai-tech.com/upload/download/2011102023233369053.pdf), generated with kicad-footprint-generator")
    (tags resistor)
    (path /5C84951F/5C872C56)
    (attr smd)
    (fp_text reference RSENSE2 (at -0.27432 2.70002 90) (layer F.SilkS)
      (effects (font (size 1 1) (thickness 0.15)))
    )
    (fp_text value 0.007 (at 0 2.62 90) (layer F.Fab)
      (effects (font (size 1 1) (thickness 0.15)))
    )
    (fp_line (start -3.15 1.6) (end -3.15 -1.6) (layer F.Fab) (width 0.1))
    (fp_line (start -3.15 -1.6) (end 3.15 -1.6) (layer F.Fab) (width 0.1))
    (fp_line (start 3.15 -1.6) (end 3.15 1.6) (layer F.Fab) (width 0.1))
    (fp_line (start 3.15 1.6) (end -3.15 1.6) (layer F.Fab) (width 0.1))
    (fp_line (start -2.052064 -1.71) (end 2.052064 -1.71) (layer F.SilkS) (width 0.12))
    (fp_line (start -2.052064 1.71) (end 2.052064 1.71) (layer F.SilkS) (width 0.12))
    (fp_line (start -3.82 1.92) (end -3.82 -1.92) (layer F.CrtYd) (width 0.05))
    (fp_line (start -3.82 -1.92) (end 3.82 -1.92) (layer F.CrtYd) (width 0.05))
    (fp_line (start 3.82 -1.92) (end 3.82 1.92) (layer F.CrtYd) (width 0.05))
    (fp_line (start 3.82 1.92) (end -3.82 1.92) (layer F.CrtYd) (width 0.05))
    (fp_text user %R (at 0 0 90) (layer F.Fab)
      (effects (font (size 1 1) (thickness 0.15)))
    )
    (pad 1 smd roundrect (at -2.9 0 90) (size 1.35 3.35) (layers F.Cu F.Paste F.Mask) (roundrect_rratio 0.185185)
      (net 61 CS2_2))
    (pad 2 smd roundrect (at 2.9 0 90) (size 1.35 3.35) (layers F.Cu F.Paste F.Mask) (roundrect_rratio 0.185185)
      (net 5 GND))
    (model ${KISYS3DMOD}/Resistor_SMD.3dshapes/R_2512_6332Metric.wrl
      (at (xyz 0 0 0))
      (scale (xyz 1 1 1))
      (rotate (xyz 0 0 0))
    )
  )

  (module Capacitor_SMD:C_0603_1608Metric (layer F.Cu) (tedit 5B301BBE) (tstamp 5C896849)
    (at 111.887 96.2025 180)
    (descr "Capacitor SMD 0603 (1608 Metric), square (rectangular) end terminal, IPC_7351 nominal, (Body size source: http://www.tortai-tech.com/upload/download/2011102023233369053.pdf), generated with kicad-footprint-generator")
    (tags capacitor)
    (path /5C84951F/5C84EA81)
    (attr smd)
    (fp_text reference C1 (at 0.254 -1.3081 180) (layer F.SilkS)
      (effects (font (size 1 1) (thickness 0.15)))
    )
    (fp_text value 1uF (at 0 1.43 180) (layer F.Fab)
      (effects (font (size 1 1) (thickness 0.15)))
    )
    (fp_line (start -0.8 0.4) (end -0.8 -0.4) (layer F.Fab) (width 0.1))
    (fp_line (start -0.8 -0.4) (end 0.8 -0.4) (layer F.Fab) (width 0.1))
    (fp_line (start 0.8 -0.4) (end 0.8 0.4) (layer F.Fab) (width 0.1))
    (fp_line (start 0.8 0.4) (end -0.8 0.4) (layer F.Fab) (width 0.1))
    (fp_line (start -0.162779 -0.51) (end 0.162779 -0.51) (layer F.SilkS) (width 0.12))
    (fp_line (start -0.162779 0.51) (end 0.162779 0.51) (layer F.SilkS) (width 0.12))
    (fp_line (start -1.48 0.73) (end -1.48 -0.73) (layer F.CrtYd) (width 0.05))
    (fp_line (start -1.48 -0.73) (end 1.48 -0.73) (layer F.CrtYd) (width 0.05))
    (fp_line (start 1.48 -0.73) (end 1.48 0.73) (layer F.CrtYd) (width 0.05))
    (fp_line (start 1.48 0.73) (end -1.48 0.73) (layer F.CrtYd) (width 0.05))
    (fp_text user %R (at 0 0 180) (layer F.Fab)
      (effects (font (size 0.4 0.4) (thickness 0.06)))
    )
    (pad 1 smd roundrect (at -0.7875 0 180) (size 0.875 0.95) (layers F.Cu F.Paste F.Mask) (roundrect_rratio 0.25)
      (net 1 "Net-(C1-Pad1)"))
    (pad 2 smd roundrect (at 0.7875 0 180) (size 0.875 0.95) (layers F.Cu F.Paste F.Mask) (roundrect_rratio 0.25)
      (net 2 VDRAIN_1))
    (model ${KISYS3DMOD}/Capacitor_SMD.3dshapes/C_0603_1608Metric.wrl
      (at (xyz 0 0 0))
      (scale (xyz 1 1 1))
      (rotate (xyz 0 0 0))
    )
  )

  (module Capacitor_SMD:C_0603_1608Metric (layer B.Cu) (tedit 5B301BBE) (tstamp 5C896BFD)
    (at 113.03 97.155 90)
    (descr "Capacitor SMD 0603 (1608 Metric), square (rectangular) end terminal, IPC_7351 nominal, (Body size source: http://www.tortai-tech.com/upload/download/2011102023233369053.pdf), generated with kicad-footprint-generator")
    (tags capacitor)
    (path /5C84951F/5C84EA91)
    (attr smd)
    (fp_text reference C2 (at 0.4572 1.397 90) (layer B.SilkS)
      (effects (font (size 1 1) (thickness 0.15)) (justify mirror))
    )
    (fp_text value 22nF (at 0 -1.43 90) (layer B.Fab) hide
      (effects (font (size 1 1) (thickness 0.15)) (justify mirror))
    )
    (fp_text user %R (at 0 0 90) (layer B.Fab)
      (effects (font (size 0.4 0.4) (thickness 0.06)) (justify mirror))
    )
    (fp_line (start 1.48 -0.73) (end -1.48 -0.73) (layer B.CrtYd) (width 0.05))
    (fp_line (start 1.48 0.73) (end 1.48 -0.73) (layer B.CrtYd) (width 0.05))
    (fp_line (start -1.48 0.73) (end 1.48 0.73) (layer B.CrtYd) (width 0.05))
    (fp_line (start -1.48 -0.73) (end -1.48 0.73) (layer B.CrtYd) (width 0.05))
    (fp_line (start -0.162779 -0.51) (end 0.162779 -0.51) (layer B.SilkS) (width 0.12))
    (fp_line (start -0.162779 0.51) (end 0.162779 0.51) (layer B.SilkS) (width 0.12))
    (fp_line (start 0.8 -0.4) (end -0.8 -0.4) (layer B.Fab) (width 0.1))
    (fp_line (start 0.8 0.4) (end 0.8 -0.4) (layer B.Fab) (width 0.1))
    (fp_line (start -0.8 0.4) (end 0.8 0.4) (layer B.Fab) (width 0.1))
    (fp_line (start -0.8 -0.4) (end -0.8 0.4) (layer B.Fab) (width 0.1))
    (pad 2 smd roundrect (at 0.7875 0 90) (size 0.875 0.95) (layers B.Cu B.Paste B.Mask) (roundrect_rratio 0.25)
      (net 3 "Net-(C2-Pad2)"))
    (pad 1 smd roundrect (at -0.7875 0 90) (size 0.875 0.95) (layers B.Cu B.Paste B.Mask) (roundrect_rratio 0.25)
      (net 4 "Net-(C2-Pad1)"))
    (model ${KISYS3DMOD}/Capacitor_SMD.3dshapes/C_0603_1608Metric.wrl
      (at (xyz 0 0 0))
      (scale (xyz 1 1 1))
      (rotate (xyz 0 0 0))
    )
  )

  (module Capacitor_SMD:C_0603_1608Metric (layer F.Cu) (tedit 5B301BBE) (tstamp 5C87B36A)
    (at 118.491 97.409 180)
    (descr "Capacitor SMD 0603 (1608 Metric), square (rectangular) end terminal, IPC_7351 nominal, (Body size source: http://www.tortai-tech.com/upload/download/2011102023233369053.pdf), generated with kicad-footprint-generator")
    (tags capacitor)
    (path /5C84951F/5C84EA9C)
    (attr smd)
    (fp_text reference C4 (at -1.143 1.2446 180) (layer F.SilkS)
      (effects (font (size 1 1) (thickness 0.15)))
    )
    (fp_text value 1uF (at 0 1.43 180) (layer F.Fab)
      (effects (font (size 1 1) (thickness 0.15)))
    )
    (fp_text user %R (at 0 0 180) (layer F.Fab)
      (effects (font (size 0.4 0.4) (thickness 0.06)))
    )
    (fp_line (start 1.48 0.73) (end -1.48 0.73) (layer F.CrtYd) (width 0.05))
    (fp_line (start 1.48 -0.73) (end 1.48 0.73) (layer F.CrtYd) (width 0.05))
    (fp_line (start -1.48 -0.73) (end 1.48 -0.73) (layer F.CrtYd) (width 0.05))
    (fp_line (start -1.48 0.73) (end -1.48 -0.73) (layer F.CrtYd) (width 0.05))
    (fp_line (start -0.162779 0.51) (end 0.162779 0.51) (layer F.SilkS) (width 0.12))
    (fp_line (start -0.162779 -0.51) (end 0.162779 -0.51) (layer F.SilkS) (width 0.12))
    (fp_line (start 0.8 0.4) (end -0.8 0.4) (layer F.Fab) (width 0.1))
    (fp_line (start 0.8 -0.4) (end 0.8 0.4) (layer F.Fab) (width 0.1))
    (fp_line (start -0.8 -0.4) (end 0.8 -0.4) (layer F.Fab) (width 0.1))
    (fp_line (start -0.8 0.4) (end -0.8 -0.4) (layer F.Fab) (width 0.1))
    (pad 2 smd roundrect (at 0.7875 0 180) (size 0.875 0.95) (layers F.Cu F.Paste F.Mask) (roundrect_rratio 0.25)
      (net 7 "Net-(C4-Pad2)"))
    (pad 1 smd roundrect (at -0.7875 0 180) (size 0.875 0.95) (layers F.Cu F.Paste F.Mask) (roundrect_rratio 0.25)
      (net 5 GND))
    (model ${KISYS3DMOD}/Capacitor_SMD.3dshapes/C_0603_1608Metric.wrl
      (at (xyz 0 0 0))
      (scale (xyz 1 1 1))
      (rotate (xyz 0 0 0))
    )
  )

  (module Capacitor_SMD:C_1206_3216Metric (layer F.Cu) (tedit 5B301BBE) (tstamp 5C87B30A)
    (at 121.412 92.202 270)
    (descr "Capacitor SMD 1206 (3216 Metric), square (rectangular) end terminal, IPC_7351 nominal, (Body size source: http://www.tortai-tech.com/upload/download/2011102023233369053.pdf), generated with kicad-footprint-generator")
    (tags capacitor)
    (path /5C84951F/5C84EB18)
    (attr smd)
    (fp_text reference C6 (at 0 -1.6256 270) (layer F.SilkS)
      (effects (font (size 1 1) (thickness 0.15)))
    )
    (fp_text value 4.7uF/50V (at 0 1.82 270) (layer F.Fab)
      (effects (font (size 1 1) (thickness 0.15)))
    )
    (fp_line (start -1.6 0.8) (end -1.6 -0.8) (layer F.Fab) (width 0.1))
    (fp_line (start -1.6 -0.8) (end 1.6 -0.8) (layer F.Fab) (width 0.1))
    (fp_line (start 1.6 -0.8) (end 1.6 0.8) (layer F.Fab) (width 0.1))
    (fp_line (start 1.6 0.8) (end -1.6 0.8) (layer F.Fab) (width 0.1))
    (fp_line (start -0.602064 -0.91) (end 0.602064 -0.91) (layer F.SilkS) (width 0.12))
    (fp_line (start -0.602064 0.91) (end 0.602064 0.91) (layer F.SilkS) (width 0.12))
    (fp_line (start -2.28 1.12) (end -2.28 -1.12) (layer F.CrtYd) (width 0.05))
    (fp_line (start -2.28 -1.12) (end 2.28 -1.12) (layer F.CrtYd) (width 0.05))
    (fp_line (start 2.28 -1.12) (end 2.28 1.12) (layer F.CrtYd) (width 0.05))
    (fp_line (start 2.28 1.12) (end -2.28 1.12) (layer F.CrtYd) (width 0.05))
    (fp_text user %R (at 0 0 270) (layer F.Fab)
      (effects (font (size 0.8 0.8) (thickness 0.12)))
    )
    (pad 1 smd roundrect (at -1.4 0 270) (size 1.25 1.75) (layers F.Cu F.Paste F.Mask) (roundrect_rratio 0.2)
      (net 5 GND))
    (pad 2 smd roundrect (at 1.4 0 270) (size 1.25 1.75) (layers F.Cu F.Paste F.Mask) (roundrect_rratio 0.2)
      (net 2 VDRAIN_1))
    (model ${KISYS3DMOD}/Capacitor_SMD.3dshapes/C_1206_3216Metric.wrl
      (at (xyz 0 0 0))
      (scale (xyz 1 1 1))
      (rotate (xyz 0 0 0))
    )
  )

  (module Capacitor_SMD:C_Elec_10x10.2 (layer F.Cu) (tedit 5BC8D926) (tstamp 5C87B2B4)
    (at 113.284 90.424)
    (descr "SMD capacitor, aluminum electrolytic nonpolar, 10.0x10.2mm")
    (tags "capacitor electrolyic nonpolar")
    (path /5C84951F/5C8AB214)
    (attr smd)
    (fp_text reference C7 (at 0 -6.2) (layer F.SilkS)
      (effects (font (size 1 1) (thickness 0.15)))
    )
    (fp_text value 220uF/50V (at 0 6.2) (layer F.Fab)
      (effects (font (size 1 1) (thickness 0.15)))
    )
    (fp_text user %R (at 0 0) (layer F.Fab)
      (effects (font (size 1 1) (thickness 0.15)))
    )
    (fp_line (start -6.95 1.3) (end -5.4 1.3) (layer F.CrtYd) (width 0.05))
    (fp_line (start -6.95 -1.3) (end -6.95 1.3) (layer F.CrtYd) (width 0.05))
    (fp_line (start -5.4 -1.3) (end -6.95 -1.3) (layer F.CrtYd) (width 0.05))
    (fp_line (start -5.4 1.3) (end -5.4 4.25) (layer F.CrtYd) (width 0.05))
    (fp_line (start -5.4 -4.25) (end -5.4 -1.3) (layer F.CrtYd) (width 0.05))
    (fp_line (start -5.4 -4.25) (end -4.25 -5.4) (layer F.CrtYd) (width 0.05))
    (fp_line (start -5.4 4.25) (end -4.25 5.4) (layer F.CrtYd) (width 0.05))
    (fp_line (start -4.25 -5.4) (end 5.4 -5.4) (layer F.CrtYd) (width 0.05))
    (fp_line (start -4.25 5.4) (end 5.4 5.4) (layer F.CrtYd) (width 0.05))
    (fp_line (start 5.4 1.3) (end 5.4 5.4) (layer F.CrtYd) (width 0.05))
    (fp_line (start 6.95 1.3) (end 5.4 1.3) (layer F.CrtYd) (width 0.05))
    (fp_line (start 6.95 -1.3) (end 6.95 1.3) (layer F.CrtYd) (width 0.05))
    (fp_line (start 5.4 -1.3) (end 6.95 -1.3) (layer F.CrtYd) (width 0.05))
    (fp_line (start 5.4 -5.4) (end 5.4 -1.3) (layer F.CrtYd) (width 0.05))
    (fp_line (start -5.26 4.195563) (end -4.195563 5.26) (layer F.SilkS) (width 0.12))
    (fp_line (start -5.26 -4.195563) (end -4.195563 -5.26) (layer F.SilkS) (width 0.12))
    (fp_line (start -5.26 -4.195563) (end -5.26 -1.31) (layer F.SilkS) (width 0.12))
    (fp_line (start -5.26 4.195563) (end -5.26 1.31) (layer F.SilkS) (width 0.12))
    (fp_line (start -4.195563 5.26) (end 5.26 5.26) (layer F.SilkS) (width 0.12))
    (fp_line (start -4.195563 -5.26) (end 5.26 -5.26) (layer F.SilkS) (width 0.12))
    (fp_line (start 5.26 -5.26) (end 5.26 -1.31) (layer F.SilkS) (width 0.12))
    (fp_line (start 5.26 5.26) (end 5.26 1.31) (layer F.SilkS) (width 0.12))
    (fp_line (start -5.15 4.15) (end -4.15 5.15) (layer F.Fab) (width 0.1))
    (fp_line (start -5.15 -4.15) (end -4.15 -5.15) (layer F.Fab) (width 0.1))
    (fp_line (start -5.15 -4.15) (end -5.15 4.15) (layer F.Fab) (width 0.1))
    (fp_line (start -4.15 5.15) (end 5.15 5.15) (layer F.Fab) (width 0.1))
    (fp_line (start -4.15 -5.15) (end 5.15 -5.15) (layer F.Fab) (width 0.1))
    (fp_line (start 5.15 -5.15) (end 5.15 5.15) (layer F.Fab) (width 0.1))
    (fp_circle (center 0 0) (end 5 0) (layer F.Fab) (width 0.1))
    (pad 2 smd roundrect (at 4.4 0) (size 4.6 2.1) (layers F.Cu F.Paste F.Mask) (roundrect_rratio 0.119048)
      (net 5 GND))
    (pad 1 smd roundrect (at -4.4 0) (size 4.6 2.1) (layers F.Cu F.Paste F.Mask) (roundrect_rratio 0.119048)
      (net 2 VDRAIN_1))
    (model ${KISYS3DMOD}/Capacitor_SMD.3dshapes/CP_Elec_10x10.step
      (at (xyz 0 0 0))
      (scale (xyz 1 1 1))
      (rotate (xyz 0 0 0))
    )
  )

  (module Capacitor_SMD:C_0603_1608Metric (layer F.Cu) (tedit 5B301BBE) (tstamp 5C8757C2)
    (at 118.47576 77.597 180)
    (descr "Capacitor SMD 0603 (1608 Metric), square (rectangular) end terminal, IPC_7351 nominal, (Body size source: http://www.tortai-tech.com/upload/download/2011102023233369053.pdf), generated with kicad-footprint-generator")
    (tags capacitor)
    (path /5C84951F/5C92B04E)
    (attr smd)
    (fp_text reference C12 (at -2.78384 -0.1016 180) (layer F.SilkS)
      (effects (font (size 1 1) (thickness 0.15)))
    )
    (fp_text value 1uF (at 0 1.43 180) (layer F.Fab)
      (effects (font (size 1 1) (thickness 0.15)))
    )
    (fp_line (start -0.8 0.4) (end -0.8 -0.4) (layer F.Fab) (width 0.1))
    (fp_line (start -0.8 -0.4) (end 0.8 -0.4) (layer F.Fab) (width 0.1))
    (fp_line (start 0.8 -0.4) (end 0.8 0.4) (layer F.Fab) (width 0.1))
    (fp_line (start 0.8 0.4) (end -0.8 0.4) (layer F.Fab) (width 0.1))
    (fp_line (start -0.162779 -0.51) (end 0.162779 -0.51) (layer F.SilkS) (width 0.12))
    (fp_line (start -0.162779 0.51) (end 0.162779 0.51) (layer F.SilkS) (width 0.12))
    (fp_line (start -1.48 0.73) (end -1.48 -0.73) (layer F.CrtYd) (width 0.05))
    (fp_line (start -1.48 -0.73) (end 1.48 -0.73) (layer F.CrtYd) (width 0.05))
    (fp_line (start 1.48 -0.73) (end 1.48 0.73) (layer F.CrtYd) (width 0.05))
    (fp_line (start 1.48 0.73) (end -1.48 0.73) (layer F.CrtYd) (width 0.05))
    (fp_text user %R (at 0 0 180) (layer F.Fab)
      (effects (font (size 0.4 0.4) (thickness 0.06)))
    )
    (pad 1 smd roundrect (at -0.7875 0 180) (size 0.875 0.95) (layers F.Cu F.Paste F.Mask) (roundrect_rratio 0.25)
      (net 5 GND))
    (pad 2 smd roundrect (at 0.7875 0 180) (size 0.875 0.95) (layers F.Cu F.Paste F.Mask) (roundrect_rratio 0.25)
      (net 11 "Net-(C12-Pad2)"))
    (model ${KISYS3DMOD}/Capacitor_SMD.3dshapes/C_0603_1608Metric.wrl
      (at (xyz 0 0 0))
      (scale (xyz 1 1 1))
      (rotate (xyz 0 0 0))
    )
  )

  (module Capacitor_SMD:C_1206_3216Metric (layer F.Cu) (tedit 5B301BBE) (tstamp 5C87F6A4)
    (at 121.47296 72.0471 270)
    (descr "Capacitor SMD 1206 (3216 Metric), square (rectangular) end terminal, IPC_7351 nominal, (Body size source: http://www.tortai-tech.com/upload/download/2011102023233369053.pdf), generated with kicad-footprint-generator")
    (tags capacitor)
    (path /5C84951F/5C92B0F6)
    (attr smd)
    (fp_text reference C14 (at -3.7211 -0.09144 270) (layer F.SilkS)
      (effects (font (size 1 1) (thickness 0.15)))
    )
    (fp_text value 4.7uF/50V (at 0 1.82 270) (layer F.Fab)
      (effects (font (size 1 1) (thickness 0.15)))
    )
    (fp_text user %R (at 0 0 270) (layer F.Fab)
      (effects (font (size 0.8 0.8) (thickness 0.12)))
    )
    (fp_line (start 2.28 1.12) (end -2.28 1.12) (layer F.CrtYd) (width 0.05))
    (fp_line (start 2.28 -1.12) (end 2.28 1.12) (layer F.CrtYd) (width 0.05))
    (fp_line (start -2.28 -1.12) (end 2.28 -1.12) (layer F.CrtYd) (width 0.05))
    (fp_line (start -2.28 1.12) (end -2.28 -1.12) (layer F.CrtYd) (width 0.05))
    (fp_line (start -0.602064 0.91) (end 0.602064 0.91) (layer F.SilkS) (width 0.12))
    (fp_line (start -0.602064 -0.91) (end 0.602064 -0.91) (layer F.SilkS) (width 0.12))
    (fp_line (start 1.6 0.8) (end -1.6 0.8) (layer F.Fab) (width 0.1))
    (fp_line (start 1.6 -0.8) (end 1.6 0.8) (layer F.Fab) (width 0.1))
    (fp_line (start -1.6 -0.8) (end 1.6 -0.8) (layer F.Fab) (width 0.1))
    (fp_line (start -1.6 0.8) (end -1.6 -0.8) (layer F.Fab) (width 0.1))
    (pad 2 smd roundrect (at 1.4 0 270) (size 1.25 1.75) (layers F.Cu F.Paste F.Mask) (roundrect_rratio 0.2)
      (net 2 VDRAIN_1))
    (pad 1 smd roundrect (at -1.4 0 270) (size 1.25 1.75) (layers F.Cu F.Paste F.Mask) (roundrect_rratio 0.2)
      (net 5 GND))
    (model ${KISYS3DMOD}/Capacitor_SMD.3dshapes/C_1206_3216Metric.wrl
      (at (xyz 0 0 0))
      (scale (xyz 1 1 1))
      (rotate (xyz 0 0 0))
    )
  )

  (module Capacitor_SMD:C_Elec_10x10.2 (layer F.Cu) (tedit 5BC8D926) (tstamp 5C875808)
    (at 113.28146 70.6501)
    (descr "SMD capacitor, aluminum electrolytic nonpolar, 10.0x10.2mm")
    (tags "capacitor electrolyic nonpolar")
    (path /5C84951F/5C92B100)
    (attr smd)
    (fp_text reference C15 (at 6.14934 -2.6543 90) (layer F.SilkS)
      (effects (font (size 1 1) (thickness 0.15)))
    )
    (fp_text value 220uF/50V (at 0 6.2) (layer F.Fab)
      (effects (font (size 1 1) (thickness 0.15)))
    )
    (fp_circle (center 0 0) (end 5 0) (layer F.Fab) (width 0.1))
    (fp_line (start 5.15 -5.15) (end 5.15 5.15) (layer F.Fab) (width 0.1))
    (fp_line (start -4.15 -5.15) (end 5.15 -5.15) (layer F.Fab) (width 0.1))
    (fp_line (start -4.15 5.15) (end 5.15 5.15) (layer F.Fab) (width 0.1))
    (fp_line (start -5.15 -4.15) (end -5.15 4.15) (layer F.Fab) (width 0.1))
    (fp_line (start -5.15 -4.15) (end -4.15 -5.15) (layer F.Fab) (width 0.1))
    (fp_line (start -5.15 4.15) (end -4.15 5.15) (layer F.Fab) (width 0.1))
    (fp_line (start 5.26 5.26) (end 5.26 1.31) (layer F.SilkS) (width 0.12))
    (fp_line (start 5.26 -5.26) (end 5.26 -1.31) (layer F.SilkS) (width 0.12))
    (fp_line (start -4.195563 -5.26) (end 5.26 -5.26) (layer F.SilkS) (width 0.12))
    (fp_line (start -4.195563 5.26) (end 5.26 5.26) (layer F.SilkS) (width 0.12))
    (fp_line (start -5.26 4.195563) (end -5.26 1.31) (layer F.SilkS) (width 0.12))
    (fp_line (start -5.26 -4.195563) (end -5.26 -1.31) (layer F.SilkS) (width 0.12))
    (fp_line (start -5.26 -4.195563) (end -4.195563 -5.26) (layer F.SilkS) (width 0.12))
    (fp_line (start -5.26 4.195563) (end -4.195563 5.26) (layer F.SilkS) (width 0.12))
    (fp_line (start 5.4 -5.4) (end 5.4 -1.3) (layer F.CrtYd) (width 0.05))
    (fp_line (start 5.4 -1.3) (end 6.95 -1.3) (layer F.CrtYd) (width 0.05))
    (fp_line (start 6.95 -1.3) (end 6.95 1.3) (layer F.CrtYd) (width 0.05))
    (fp_line (start 6.95 1.3) (end 5.4 1.3) (layer F.CrtYd) (width 0.05))
    (fp_line (start 5.4 1.3) (end 5.4 5.4) (layer F.CrtYd) (width 0.05))
    (fp_line (start -4.25 5.4) (end 5.4 5.4) (layer F.CrtYd) (width 0.05))
